{
 "cells": [
  {
   "cell_type": "code",
   "execution_count": 1,
   "id": "2df1c157",
   "metadata": {},
   "outputs": [],
   "source": [
    "import pandas as pd\n",
    "import numpy as np"
   ]
  },
  {
   "cell_type": "markdown",
   "id": "e999e294",
   "metadata": {},
   "source": [
    "$Y = median\\_house\\_value \\Rightarrow$ Verkliga värden, målvariabel\n",
    "\n",
    "$X = designmatris \\Rightarrow$ Alla regressorer, shape\n",
    "\n",
    "$\\hat{Y} = \\hat{\\beta}_0 + \\hat{\\beta}_1X_1 + \\hat{\\beta}_2X_2 + \\hat{\\beta}_3X_3 ... + \\hat{\\beta}_dX_d \\Rightarrow$ Modellens prediktion för varje observation\n",
    "\n",
    "$e_i = Y_i - \\hat{Y}_i \\Rightarrow$ Residual för observation $i$\n",
    "\n",
    "$SSE = \\sum_{i=1}^{n} e_i^2 \\Rightarrow$ Sum of Squared Errors - totala felet för modellen\n",
    "\n",
    "$S_{yy} = \\sum(Y_i - \\bar{Y})^2 = \\sum{Y_{i}}^2 - \\frac{(\\sum{Y_i})^2}{n} \\Rightarrow$ Totala variationen i Y\n",
    "\n",
    "$SSR = S_{yy} - SSE \\Rightarrow$ Regression Sum of Squares - variation som modellen förklarar\n",
    "\n",
    "$R^2 = \\frac{SSR}{S_{yy}} \\Rightarrow$ Bestämningskoefficient - hur mycket av Y som modellen förklarar\n",
    "\n",
    "$\\hat{\\sigma}^2 = \\frac{SSE}{n-d-1} \\Rightarrow$ Estimering av residualvarians\n",
    "\n",
    "$RMSE = \\sqrt{\\frac{SSE}{n-d-1}} \\Rightarrow$ Root Mean Squared Error - spridning i samma enhet som Y (använder $\\sqrt{\\frac{SSE}{n-d-1}}$ istället för $\\sqrt{\\frac{SSE}{n}}$ då den senare används i större utsträckning inom ML och uppgiften skulle vara en statistisk analys)\n",
    "\n",
    "$\\hat{\\beta} = (X^TX)^{-1}X^TY \\Rightarrow$ OLS-koefficienter - beräkning av alla $\\beta$ från datan\n",
    "\n",
    "$C = \\hat{\\sigma}^2(X^TX)^{-1} \\Rightarrow$ Varians och kovarians för $\\hat{\\beta}$, används i t-test och konfidensintervall\n",
    "\n",
    "$t_i = \\frac{\\hat{\\beta}_i}{\\hat{\\sigma}\\sqrt{c_{ii}}} \\Rightarrow$ t-statistik - Testar om en enskild koefficient skiljer sig signifikant från 0\n",
    "\n",
    "$F = \\frac{SSR/d}{\\hat{\\sigma}^2} \\Rightarrow$ Testar om alla regressorer tillsammans är signifikanta\n",
    "\n",
    "$\\hat{\\beta}_i \\pm t_{\\alpha/2, n-d-1}\\hat{\\sigma}\\sqrt{c_{ii}} \\Rightarrow$ Intervallet för $\\beta$ med viss säkerhetsnivå\n",
    "\n",
    "$r = \\frac{Cov(X_a,X_b)}{\\sqrt{Var(X_a)Var(X_b)}} \\Rightarrow$ Pearson $r$ - Mäta linjärt beroende mellan två regressorer\n",
    "\n",
    "$d$ = antal regressorer  \n",
    "$n$ = antal observationer  \n",
    "$c_{ii}$ = diagonalelement i varians-kovariansmatrisen $C$  \n",
    "Alla formler bygger direkt på residualerna $e_i$ och $X$-matrisen"
   ]
  },
  {
   "cell_type": "markdown",
   "id": "f2a3a801",
   "metadata": {},
   "source": [
    "Datasetet läses in som en dataframe och aggregeras med funktionen aggregate från linreg.py till en observation per geografisk punkt (longitude, latitude), då flera koordinater förekommer mer än en gång. Additiva variabler summeras medan nivåvariabler ersätts av det nya medelvärdet. Den kategoriska variabeln ocean_proximity var konstant inom varje grupp vilket även verifierades och möjliggjorde oförändrad inkludering efter aggregering där första värdet per grupp valdes, detta valet påverkade dock inget då alla grupper bara hade samma värden.\n",
    "\n",
    "Därefter one-hot-encodas dataframen med funktionen prepare_features från linreg.py där första kategorin droppas, i detta fallet <1h from ocean som var den näst mest förekommande på drygt 1/3 av grupperna."
   ]
  },
  {
   "cell_type": "code",
   "execution_count": 2,
   "id": "a921853e",
   "metadata": {},
   "outputs": [],
   "source": [
    "from linreg import LinearRegression, aggregate, prepare_features, build_X_Y\n",
    "housing = pd.read_csv('housing.csv')\n",
    "aggregated = aggregate(housing)\n",
    "aggregated, X_cols = prepare_features(aggregated, cat_cols=['ocean_proximity'])"
   ]
  },
  {
   "cell_type": "markdown",
   "id": "0856f16f",
   "metadata": {},
   "source": [
    "kontroll av kategoriska variabler"
   ]
  },
  {
   "cell_type": "markdown",
   "id": "29569708",
   "metadata": {},
   "source": [
    "one hot-encoding"
   ]
  },
  {
   "cell_type": "markdown",
   "id": "2b043c51",
   "metadata": {},
   "source": [
    "bygger X och Y samt lägger till intercept-kolumnen $\\beta_0$"
   ]
  },
  {
   "cell_type": "code",
   "execution_count": 3,
   "id": "87a7f6c7",
   "metadata": {},
   "outputs": [],
   "source": [
    "X, Y = build_X_Y(aggregated, X_cols)\n",
    "n = X.shape[0]\n",
    "d = X.shape[1] - 1\n"
   ]
  },
  {
   "cell_type": "markdown",
   "id": "cc90cbae",
   "metadata": {},
   "source": [
    "kör OLS-formeln samt beräkning av grundläggande statistik så som $\\hat{\\sigma}^2$ och $RMSE$"
   ]
  },
  {
   "cell_type": "code",
   "execution_count": 4,
   "id": "ace0efd7",
   "metadata": {},
   "outputs": [
    {
     "name": "stdout",
     "output_type": "stream",
     "text": [
      "modellens beta-värden [-1.68425122e+06 -2.02550076e+04 -1.95460964e+04  8.07678211e+02\n",
      "  3.89702735e+04 -8.57665947e-01  3.47044243e+01 -2.26211482e+01\n",
      "  3.64048403e+01 -4.35143715e+04  1.70054470e+05 -8.41692780e+03\n",
      "  1.15252233e+04]\n",
      "modellens prediktioner [213515.43665521 125344.37620943 163615.86977736 ...  23321.2310764\n",
      "  55439.32646054  23559.63880305]\n",
      "modellens residualer [-118915.43665521  -39544.37620943  -60015.86977736 ...   64178.7689236\n",
      "   24660.67353946   43340.36119695]\n",
      "modellens SSE 49231258393954.016\n",
      "modellens varians 3914388041.1826363\n",
      "modellens STD 62565.07045614698\n",
      "modellens RMSE 62532.76084603433\n"
     ]
    }
   ],
   "source": [
    "model = LinearRegression(X, Y)\n",
    "print(f'modellens beta-värden {model.b_est}')         # modellens beta-värden\n",
    "print(f'modellens prediktioner {model.Y_est}')        # modellens prediktioner\n",
    "print(f'modellens residualer {model.residuals}')      # residualer\n",
    "print(f'modellens SSE {model.SSE}')                   # sum of squared errors\n",
    "print(f'modellens varians {model.variance}')          # modellens varians\n",
    "print(f'modellens STD {model.STD}')                   # modellens standardavvikelse\n",
    "print(f'modellens RMSE {model.RMSE}')                 # modellens RMSE (nästan samma som denna modellens STD p.g.a. stort n-tal)"
   ]
  },
  {
   "cell_type": "code",
   "execution_count": 5,
   "id": "8da44741",
   "metadata": {},
   "outputs": [
    {
     "name": "stdout",
     "output_type": "stream",
     "text": [
      "modellens varians-kovariansmatris [[ 7.86383336e+09  8.96442512e+07  8.01462962e+07  2.85655169e+05\n",
      "   3.36027209e+06 -1.77760995e+03 -4.49014455e+04  5.24223588e+02\n",
      "   5.52887690e+04 -9.42145134e+07  5.71009572e+07  3.63924151e+07\n",
      "   3.14151041e+07]\n",
      " [ 8.96442512e+07  1.03750106e+06  9.63710658e+05  4.20897721e+03\n",
      "   4.99432199e+04 -2.36227548e+01 -4.71506256e+02  1.96070388e+01\n",
      "   5.92672258e+02 -1.12505473e+06  7.43550030e+05  3.17829847e+05\n",
      "   3.74185841e+05]\n",
      " [ 8.01462962e+07  9.63710658e+05  9.82745770e+05  3.75659639e+03\n",
      "   5.49504120e+04 -2.52015009e+01 -3.57964530e+02  4.21434174e+01\n",
      "   4.54940347e+02 -1.19589176e+06  8.56377183e+05  3.54058174e+04\n",
      "   3.41530438e+05]\n",
      " [ 2.85655169e+05  4.20897721e+03  3.75659639e+03  2.71212320e+03\n",
      "   2.12014834e+03  4.33463270e+00  1.08322392e+01  4.50234481e-01\n",
      "  -3.09996705e+01  7.30339179e+03 -3.67364570e+04 -1.61853116e+04\n",
      "   2.55415595e+02]\n",
      " [ 3.36027209e+06  4.99432199e+04  5.49504120e+04  2.12014834e+03\n",
      "   1.34435014e+05 -9.22193372e+01  2.96369492e+02  3.76245215e+01\n",
      "   4.83135553e+01  1.36987126e+05  2.40949604e+05 -1.14969999e+04\n",
      "   5.93234256e+04]\n",
      " [-1.77760995e+03 -2.36227548e+01 -2.52015009e+01  4.33463270e+00\n",
      "  -9.22193372e+01  2.76234521e-01 -6.58732109e-01 -5.23350451e-02\n",
      "  -4.09233073e-01 -9.01633035e+01 -1.18139958e+02 -6.35737511e+01\n",
      "  -3.16844524e+01]\n",
      " [-4.49014455e+04 -4.71506256e+02 -3.57964530e+02  1.08322392e+01\n",
      "   2.96369492e+02 -6.58732109e-01  1.84194601e+01  5.03905326e-01\n",
      "  -1.78059279e+01  2.06792611e+02 -2.35266500e+03 -1.97964354e+02\n",
      "  -3.12709109e+02]\n",
      " [ 5.24223588e+02  1.96070388e+01  4.21434174e+01  4.50234481e-01\n",
      "   3.76245215e+01 -5.23350451e-02  5.03905326e-01  5.46089153e-01\n",
      "  -1.70452127e+00  5.31519495e+01  2.45428322e+02  1.63849089e+02\n",
      "   1.40255305e+02]\n",
      " [ 5.52887690e+04  5.92672258e+02  4.54940347e+02 -3.09996705e+01\n",
      "   4.83135553e+01 -4.09233073e-01 -1.78059279e+01 -1.70452127e+00\n",
      "   2.57232514e+01  2.70744987e+02  3.01581594e+03 -8.22344845e+01\n",
      "   2.28287269e+02]\n",
      " [-9.42145134e+07 -1.12505473e+06 -1.19589176e+06  7.30339179e+03\n",
      "   1.36987126e+05 -9.01633035e+01  2.06792611e+02  5.31519495e+01\n",
      "   2.70744987e+02  3.55055131e+06  2.11371238e+05  8.79058757e+05\n",
      "   5.60642727e+05]\n",
      " [ 5.71009572e+07  7.43550030e+05  8.56377183e+05 -3.67364570e+04\n",
      "   2.40949604e+05 -1.18139958e+02 -2.35266500e+03  2.45428322e+02\n",
      "   3.01581594e+03  2.11371238e+05  7.86285063e+08  8.57383384e+05\n",
      "   1.32939501e+06]\n",
      " [ 3.63924151e+07  3.17829847e+05  3.54058174e+04 -1.61853116e+04\n",
      "  -1.14969999e+04 -6.35737511e+01 -1.97964354e+02  1.63849089e+02\n",
      "  -8.22344845e+01  8.79058757e+05  8.57383384e+05  5.67416439e+06\n",
      "   1.01909991e+06]\n",
      " [ 3.14151041e+07  3.74185841e+05  3.41530438e+05  2.55415595e+02\n",
      "   5.93234256e+04 -3.16844524e+01 -3.12709109e+02  1.40255305e+02\n",
      "   2.28287269e+02  5.60642727e+05  1.32939501e+06  1.01909991e+06\n",
      "   3.53995274e+06]]\n",
      "modellens t-statistik [-18.99283168 -19.88557422 -19.71693685  15.50899514 106.28629178\n",
      "  -1.63184608   8.08623571 -30.61137725   7.1778801  -23.09323734\n",
      "   6.06454242  -3.53348006   6.12562794]\n",
      "modellens p-värden [2.50940622e-079 1.15724372e-086 2.97412042e-085 9.47636054e-054\n",
      " 0.00000000e+000 1.02736952e-001 6.71485361e-016 1.49792488e-198\n",
      " 7.47774261e-013 1.35044701e-115 1.36125444e-009 4.11598262e-004\n",
      " 9.30221654e-010]\n"
     ]
    }
   ],
   "source": [
    "\n",
    "print(f'modellens varians-kovariansmatris {model.C}') # hur osäkra modellens koefficienter är\n",
    "print(f'modellens t-statistik {model.t_stats}')       # mäter signifikans för varje koefficient\n",
    "print(f'modellens p-värden {model.p_values}')         # sannolikheten att koefficienten egentligen är 0; lågt värde = signifikant"
   ]
  },
  {
   "cell_type": "markdown",
   "id": "9941363c",
   "metadata": {},
   "source": [
    "| Index | Variabel | p-värde | %  |\n",
    "|:-----:|----------|---------|----:|\n",
    "| 0 | intercept | 2.51e-79 | $\\lt$ 0,01% |\n",
    "| 1 | longitude | 1.16e-86 | $\\lt$ 0,01% |\n",
    "| 2 | latitude | 2.97e-85 | $\\lt$ 0,01% |\n",
    "| 3 | housing_median_age | 9.48e-54 | $\\lt$ 0,01% |\n",
    "| 4 | median_income | 0.00e+00 | $\\ll$ 0,01% |\n",
    "| 5 | total_rooms | 1.03e-01 | $\\approx$ 10,3% |\n",
    "| 6 | total_bedrooms | 6.72e-16 | $\\lt$ 0,01% |\n",
    "| 7 | population | 1.50e-198 | $\\lt$ 0,01% |\n",
    "| 8 | households | 7.48e-13 | $\\lt$ 0,01% |\n",
    "| 9 | INLAND | 1.35e-115 | $\\lt$ 0,01% |\n",
    "| 10 | ISLAND | 1.36e-09 | $\\lt$ 0,01% |\n",
    "| 11 | NEAR_BAY | 4.12e-04 | $\\approx$ 0,04% |\n",
    "| 12 | NEAR_OCEAN | 9.30e-10 | $\\lt$ 0,01% |\n",
    "\n",
    "\n",
    "Detta är då signifikansen för de olika kolumnerna där vi då kan se att median income visar extrem statistisk signifikans till median house value, total rooms har runt .103 och är alltså inte något vidare signifikant och resterande har hög signifikans där near bay är en utstickare (fortfarande väldigt hög signifikans men märkbart lägre än de andra)"
   ]
  },
  {
   "cell_type": "code",
   "execution_count": null,
   "id": "9832ea2a",
   "metadata": {},
   "outputs": [],
   "source": []
  }
 ],
 "metadata": {
  "kernelspec": {
   "display_name": ".venv",
   "language": "python",
   "name": "python3"
  },
  "language_info": {
   "codemirror_mode": {
    "name": "ipython",
    "version": 3
   },
   "file_extension": ".py",
   "mimetype": "text/x-python",
   "name": "python",
   "nbconvert_exporter": "python",
   "pygments_lexer": "ipython3",
   "version": "3.13.2"
  }
 },
 "nbformat": 4,
 "nbformat_minor": 5
}
